      0/59     3.07G   0.08724   0.04267 0.0006317    0.1305       605       640    0.2677    0.3232    0.2104   0.05232   0.07859   0.04348 0.0005319
      1/59     8.54G   0.06145   0.04077 0.0005293    0.1027       926       640    0.3087    0.3445    0.2294   0.05598   0.07355   0.03888 0.0004994
      2/59     10.6G   0.05904   0.04185 0.0004784    0.1014       963       640     0.483    0.4548    0.4151    0.1214   0.06998   0.04137 0.0004563
      3/59     10.6G   0.05483     0.042 0.0004498   0.09728       969       640    0.4121    0.3802     0.339    0.1088    0.0722   0.04435 0.0004382
      4/59     10.6G   0.05267   0.04454 0.0004426   0.09765       623       640   0.06527    0.2529   0.02421  0.006605    0.1116     4.591   0.02508
      5/59     10.6G   0.05318   0.04864 0.0004407    0.1023       596       640    0.3671    0.3414      0.28   0.07713   0.07128   0.05623  0.000424
      6/59     10.6G   0.05473   0.05254 0.0004409    0.1077       625       640    0.1992    0.1568    0.0739   0.02048   0.07762   0.06305 0.0009264
      7/59     10.6G   0.05325   0.04925 0.0004364    0.1029      1024       640    0.4258    0.4341    0.3975    0.1397   0.05466   0.04666 0.0003999
      8/59     10.6G   0.04867   0.04883 0.0004017    0.0979       687       640    0.4489    0.4516    0.4268    0.1535   0.05712   0.04523 0.0003946
      9/59     10.6G   0.04821   0.04939 0.0003783   0.09798       834       640    0.2855    0.2111    0.1691   0.05948   0.07212   0.06278 0.0003957
     10/59     10.6G   0.04534   0.04971 0.0003537    0.0954       768       640    0.5102     0.491    0.4971    0.1901   0.06249   0.04406 0.0003859
     11/59     10.6G   0.04378   0.04773  0.000342   0.09185       500       640    0.5894    0.5036    0.5488    0.2236   0.05884   0.04287 0.0003861
     12/59     10.6G    0.0411   0.04635 0.0003283   0.08779       917       640    0.5826    0.5516    0.5799    0.2404   0.05304   0.04087 0.0003873
     13/59     10.6G   0.04318   0.04457 0.0003317   0.08809       443       640     0.599    0.5492     0.595    0.2373   0.05437   0.04108 0.0003863
     14/59     10.6G   0.04258   0.04571   0.00032   0.08861       812       640    0.6985    0.5666    0.6411    0.2747   0.05141   0.04009 0.0003888
     15/59     10.6G   0.04203   0.04518 0.0003133   0.08753       828       640     0.734    0.5872    0.6682    0.2885   0.05027   0.03953 0.0003916
     16/59     10.6G   0.04359   0.04702 0.0003198   0.09093       653       640    0.7167    0.5468      0.63    0.2694   0.04969   0.04106 0.0003929
     17/59     10.6G   0.04034   0.04526 0.0002993    0.0859       853       640    0.7784    0.5968    0.6925    0.3109   0.04987    0.0392 0.0003983
     18/59     10.6G   0.04092   0.04444 0.0003019   0.08566       559       640    0.7745    0.5976    0.6935    0.3168   0.05178   0.03884 0.0004003
     19/59     10.6G   0.04331   0.04716 0.0002945   0.09077       598       640    0.4105     0.254    0.2436   0.09695   0.05716   0.06518 0.0003841
     20/59     10.6G   0.03894   0.04409 0.0002776    0.0833       511       640    0.7362    0.6224    0.6873    0.3072   0.05706   0.03897 0.0004036
     21/59     10.6G   0.03915   0.04688  0.000267    0.0863       764       640    0.7208     0.576      0.64    0.2822   0.05832   0.04043 0.0004016
     22/59     10.6G   0.03662   0.04456 0.0002554   0.08143       768       640    0.7511    0.6566     0.724    0.3335   0.05729   0.03756 0.0004086
     23/59     10.6G   0.03425   0.04423 0.0002459   0.07872       747       640    0.7859    0.6361    0.7243    0.3314   0.05746   0.03737 0.0004088
     24/59     10.6G   0.03685    0.0434 0.0002501    0.0805       782       640    0.7846    0.6544     0.738    0.3503   0.05672    0.0372 0.0004076
     25/59     10.6G   0.03539   0.04374 0.0002461   0.07937       645       640    0.7691    0.6729    0.7434    0.3562   0.05278   0.03719 0.0004182
     26/59     10.6G   0.03884   0.04305  0.000251   0.08215       749       640    0.7897    0.6519    0.7413    0.3558   0.05671   0.03711  0.000412
     27/59     10.6G    0.0343   0.04281 0.0002319   0.07735       960       640    0.7976    0.6507    0.7404    0.3538   0.05617   0.03671 0.0004111
     28/59     10.6G   0.03436   0.04363 0.0002303   0.07822       868       640     0.815    0.6607    0.7532    0.3636   0.05495   0.03704 0.0004142
     29/59     10.6G   0.03312   0.04314 0.0002192   0.07648       956       640    0.7992    0.6861    0.7644    0.3731   0.05184   0.03662 0.0004175
     30/59     10.6G   0.03556   0.04198 0.0002316   0.07777      1358       640    0.8277      0.67    0.7644    0.3719   0.04526   0.03654 0.0004171
     31/59     10.6G   0.03463    0.0422 0.0002241   0.07705       733       640    0.8278    0.6622    0.7609    0.3737   0.04682    0.0369  0.000418
     32/59     10.6G   0.03548   0.04291 0.0002269   0.07861      1110       640    0.8382    0.6623    0.7626    0.3768   0.04441   0.03665  0.000416
     33/59     10.6G   0.03405   0.04306 0.0002184   0.07733       727       640    0.8272    0.6922    0.7799     0.384   0.04683    0.0362 0.0004209
     34/59     10.6G   0.03426   0.04119 0.0002122   0.07565       750       640    0.8324    0.6726    0.7692     0.383    0.0453    0.0364 0.0004207
     35/59     10.6G   0.03433   0.04214 0.0002136   0.07668       818       640    0.8364    0.6873    0.7827    0.3874   0.04305   0.03619 0.0004192
     36/59     10.6G   0.03168   0.04165 0.0001997   0.07353       608       640    0.8308    0.6982    0.7832    0.3902   0.04414   0.03607 0.0004193
     37/59     10.6G   0.03395   0.04261 0.0002076   0.07677       592       640    0.8166    0.6665    0.7528    0.3606   0.04937   0.03746 0.0004179
     38/59     10.6G    0.0337   0.04295 0.0002042   0.07685       790       640    0.8423    0.6794    0.7775     0.388   0.04601   0.03643 0.0004171
     39/59     10.6G    0.0333   0.04169 0.0002041    0.0752      1046       640    0.8308    0.6957    0.7842     0.393   0.04417   0.03649 0.0004184
     40/59     10.6G   0.03355   0.04165 0.0002044   0.07541       782       640    0.8317    0.6877    0.7776    0.3945   0.04289   0.03618 0.0004157
     41/59     10.6G   0.03524   0.04178 0.0002071   0.07722      1041       640    0.8419    0.6985     0.784    0.3971    0.0428   0.03596  0.000419
     42/59     10.6G   0.03401   0.04175 0.0002099   0.07597       568       640    0.8341    0.7118    0.7938    0.4028   0.04313    0.0358 0.0004199
     43/59     10.6G   0.03418   0.04172 0.0001999    0.0761       542       640    0.7613    0.6417    0.7054    0.3277   0.04665   0.04063 0.0004126
     44/59     10.6G    0.0348   0.04088 0.0001977   0.07587       662       640    0.8197    0.6754    0.7562    0.3737   0.04436   0.03724 0.0004146
     45/59     10.6G   0.03452   0.04217  0.000203    0.0769      1038       640     0.839    0.7001    0.7834    0.3866   0.04392   0.03688 0.0004789
     46/59     10.6G   0.03344   0.04235 0.0001939   0.07599       753       640    0.8091    0.6843    0.7649    0.3782   0.04321   0.03758 0.0004146
     47/59     10.6G   0.03434    0.0414 0.0001992   0.07594       856       640    0.8314    0.7066    0.7875    0.3954   0.04318   0.03626 0.0004194
     48/59     10.6G   0.03177   0.04259 0.0001859   0.07455      1088       640    0.8317    0.7116     0.793    0.4008   0.04242   0.03604  0.000419
     49/59     10.6G   0.03233   0.04272 0.0001913   0.07524       979       640    0.8213    0.7179    0.7958     0.405   0.04285   0.03597 0.0004232
     50/59     10.6G   0.03067   0.04074 0.0001785   0.07159       830       640    0.8477    0.7012    0.7932    0.4017   0.04292     0.036 0.0004186
     51/59     10.6G   0.03165   0.04132 0.0001843   0.07315       685       640    0.8271    0.7102    0.7938    0.4064   0.04239   0.03588  0.000418
     52/59     10.6G   0.03176     0.041 0.0001826   0.07294       703       640    0.8323    0.7197    0.8012    0.4111   0.04233   0.03566 0.0004201
     53/59     10.6G   0.03363   0.04126 0.0001895   0.07508       578       640    0.8252    0.7209    0.7979    0.4106    0.0426   0.03582 0.0004188
     54/59     10.6G   0.03262   0.04141 0.0001852   0.07421       885       640    0.8273    0.7214    0.7992     0.411   0.04234   0.03572 0.0004198
     55/59     10.6G   0.03015   0.04213 0.0001743   0.07246       593       640    0.8416    0.7234    0.8053    0.4171   0.04204   0.03561 0.0004207
     56/59     10.6G   0.03128   0.04078 0.0001782   0.07223       703       640    0.8333    0.7234    0.8039    0.4176   0.04196    0.0356 0.0004182
     57/59     10.6G   0.03024   0.04095 0.0001737   0.07137       528       640    0.8364    0.7233    0.8058    0.4161   0.04227   0.03569 0.0004187
     58/59     10.6G   0.03236   0.04073 0.0001855   0.07327       567       640     0.839    0.7178    0.8057    0.4161   0.04218   0.03551 0.0004185
     59/59     10.6G   0.03055   0.04007 0.0001741   0.07079      1442       640    0.8326    0.7245    0.8072    0.4172   0.04207   0.03565 0.0004197
